---
- image_filename: IMGP6963b.jpg
  post_slug: 2013-07-23-snieznik-jaskinia-niedzwiedzia-i-kopalnia-uranu-w-kletnie
  lat: 50.20447777777778
  lon: 16.839425
  altitude: 1315.7
  focal_length: 15.0
  focal_length_35: 22.0
  crop: 1.4666666666666666
  aperture: 7.1
  exposure: 0.004
  exposure_string: 1/250 s
  iso: 200
  lens: smc PENTAX-DA 15mm F4 ED AL Limited
  camera: PENTAX K-5
  time: 2013-07-23 09:35:13.000000000+02:00
- image_filename: IMGP6964b.jpg
  post_slug: 2013-07-23-snieznik-jaskinia-niedzwiedzia-i-kopalnia-uranu-w-kletnie
  lat: 50.20480555555556
  lon: 16.840858333333333
  altitude: 1338.3
  focal_length: 15.0
  focal_length_35: 22.0
  crop: 1.4666666666666666
  aperture: 7.1
  exposure: 0.004
  exposure_string: 1/250 s
  iso: 200
  lens: smc PENTAX-DA 15mm F4 ED AL Limited
  camera: PENTAX K-5
  time: 2013-07-23 09:41:55.000000000+02:00
- image_filename: IMGP7179b.jpg
  post_slug: 2013-07-23-snieznik-jaskinia-niedzwiedzia-i-kopalnia-uranu-w-kletnie
  lat: 50.21085
  lon: 16.831333333333333
  altitude: 1210.4
  focal_length: 50.0
  focal_length_35: 75.0
  crop: 1.5
  aperture: 2.8
  exposure: 0.008
  exposure_string: 1/125 s
  iso: 400
  lens: smc PENTAX-FA Macro 50mm F2.8
  camera: PENTAX K-5
  time: 2013-07-23 18:26:33.000000000+02:00
- image_filename: header.jpg
  post_slug: 2013-07-23-snieznik-jaskinia-niedzwiedzia-i-kopalnia-uranu-w-kletnie
  lat: 50.20696111111111
  lon: 16.846149999999998
  altitude: 1418.6
  focal_length: 50.0
  focal_length_35: 75.0
  crop: 1.5
  aperture: 8.0
  exposure: 0.0025
  exposure_string: 1/400 s
  iso: 200
  width: 2048
  height: 1356
  lens: smc PENTAX-FA Macro 50mm F2.8
  camera: PENTAX K-5
  time: 2013-07-23 10:31:49.000000000+02:00
