---
- image_filename: header.jpg
  post_slug: 2013-11-29-nocne-dojscie-do-strzechy-akademickiej
  lat: 50.74760833333333
  lon: 15.708041666666666
  altitude: 1341.2
  focal_length: 15.0
  focal_length_35: 22.0
  crop: 1.4666666666666666
  aperture: 6.3
  exposure: 0.002
  exposure_string: 1/500 s
  iso: 200
  width: 2048
  height: 1358
  lens: smc PENTAX-DA 15mm F4 ED AL Limited
  camera: PENTAX K-5
  time: 2013-11-30 10:10:30.000000000+01:00
