---
- image_filename: IMGP8432b.jpg
  post_slug: 2013-08-25-w-strone-skokow-po-raz-2-gi
  lat: 52.713836111111114
  lon: 17.09333611111111
  altitude: 78.5
  focal_length: 50.0
  focal_length_35: 75.0
  crop: 1.5
  aperture: 6.3
  exposure: 0.003125
  exposure_string: 1/320 s
  iso: 200
  lens: smc PENTAX-FA Macro 50mm F2.8
  camera: PENTAX K-5
  time: 2013-08-25 14:37:50.000000000+02:00
- image_filename: header.jpg
  post_slug: 2013-08-25-w-strone-skokow-po-raz-2-gi
  lat: 52.659099999999995
  lon: 16.99873611111111
  altitude: 116.5
  focal_length: 50.0
  focal_length_35: 75.0
  crop: 1.5
  aperture: 7.1
  exposure: 0.003125
  exposure_string: 1/320 s
  iso: 200
  width: 2048
  height: 1358
  lens: smc PENTAX-FA Macro 50mm F2.8
  camera: PENTAX K-5
  time: 2013-08-25 13:41:58.000000000+02:00
