---
- image_filename: IMGP4508raw1.jpg
  post_slug: 2014-03-30-do-puszczykowa
  lat: 52.304655555555556
  lon: 16.88625
  altitude: 64.6
  focal_length: 15.0
  focal_length_35: 22.0
  crop: 1.4666666666666666
  aperture: 6.3
  exposure: 0.00625
  exposure_string: 1/160 s
  iso: 400
  lens: smc PENTAX-DA 15mm F4 ED AL Limited
  camera: PENTAX K-5
  time: 2014-03-30 15:47:36.000000000+02:00
- image_filename: header.jpg
  post_slug: 2014-03-30-do-puszczykowa
  lat: 52.311027777777774
  lon: 16.90030833333333
  altitude: 61.2
  focal_length: 15.0
  focal_length_35: 22.0
  crop: 1.4666666666666666
  aperture: 7.1
  exposure: 0.005
  exposure_string: 1/200 s
  iso: 400
  width: 2048
  height: 1358
  lens: smc PENTAX-DA 15mm F4 ED AL Limited
  camera: PENTAX K-5
  time: 2014-03-30 15:59:28.000000000+02:00
