---
- image_filename: header.jpg
  post_slug: 2014-11-11-wokol-jeziora-kierskiego
  focal_length: 15.0
  focal_length_35: 22.0
  crop: 1.4666666666666666
  aperture: 4.0
  exposure: 0.02
  exposure_string: 1/50 s
  iso: 400
  lens: smc PENTAX-DA 15mm F4 ED AL Limited
  camera: PENTAX K-5
  time: 2014-11-11 15:06:35.000000000+01:00
