---
- image_filename: header.jpg
  post_slug: 2014-03-30-do-puszczykowa
  lat: 52.31102722222222
  lon: 16.900309166666666
  altitude: 61.2
  focal_length: 15.0
  focal_length_35: 22.0
  crop: 1.4666666666666666
  aperture: 7.1
  iso: 400
  lens: smc PENTAX-DA 15mm F4 ED AL Limited
  camera: PENTAX K-5
  width: 2048
  height: 1358
  exposure: 0.005
  exposure_string: 1/200 s
  time: 2014-03-30 15:59:28+02:00
- image_filename: IMGP4508raw1.jpg
  post_slug: 2014-03-30-do-puszczykowa
  lat: 52.30465472222222
  lon: 16.88625
  altitude: 64.6
  focal_length: 15.0
  focal_length_35: 22.0
  crop: 1.4666666666666666
  aperture: 6.3
  iso: 400
  lens: smc PENTAX-DA 15mm F4 ED AL Limited
  camera: PENTAX K-5
  exposure: 0.00625
  exposure_string: 1/160 s
  time: 2014-03-30 15:47:36+02:00
