---
- image_filename: IMGP4074raw1.jpg
  post_slug: 2014-03-09-powrot-szlakiem-nadwarcianskim-z-obornik
  lat: 52.63475555555556
  lon: 16.894444444444446
  altitude: 88.6
  focal_length: 40.0
  focal_length_35: 60.0
  crop: 1.5
  aperture: 5.6
  exposure: 0.003125
  exposure_string: 1/320 s
  iso: 200
  lens: smc PENTAX-DA 40mm F2.8 Limited
  camera: PENTAX K-5
  time: 2014-03-09 13:39:45.000000000+01:00
- image_filename: IMGP4084raw1.jpg
  post_slug: 2014-03-09-powrot-szlakiem-nadwarcianskim-z-obornik
  lat: 52.614177777777776
  lon: 16.93021388888889
  altitude: 77.0
  focal_length: 40.0
  focal_length_35: 60.0
  crop: 1.5
  aperture: 4.5
  exposure: 0.016666666666666666
  exposure_string: 1/60 s
  iso: 400
  lens: smc PENTAX-DA 40mm F2.8 Limited
  camera: PENTAX K-5
  time: 2014-03-09 14:20:27.000000000+01:00
- image_filename: header.jpg
  post_slug: 2014-03-09-powrot-szlakiem-nadwarcianskim-z-obornik
  lat: 52.506391666666666
  lon: 16.965280555555555
  altitude: 46.8
  focal_length: 40.0
  focal_length_35: 60.0
  crop: 1.5
  aperture: 3.5
  exposure: 0.00625
  exposure_string: 1/160 s
  iso: 400
  width: 2048
  height: 1358
  lens: smc PENTAX-DA 40mm F2.8 Limited
  camera: PENTAX K-5
  time: 2014-03-09 16:29:05.000000000+01:00
