---
- image_filename: IMGP5478raw1.jpg
  post_slug: 2014-04-25-wieczorna-przejazdzka-z-poznania-do-szamotul
  lat: 52.5644
  lon: 16.666188888888886
  altitude: 83.3
  focal_length: 50.0
  focal_length_35: 75.0
  crop: 1.5
  aperture: 5.6
  exposure: 0.004
  exposure_string: 1/250 s
  iso: 200
  lens: smc PENTAX-FA Macro 50mm F2.8
  camera: PENTAX K-5
  time: 2014-04-25 18:09:43.000000000+02:00
- image_filename: IMGP5484raw1.jpg
  post_slug: 2014-04-25-wieczorna-przejazdzka-z-poznania-do-szamotul
  lat: 52.57635277777778
  lon: 16.64948611111111
  altitude: 80.4
  focal_length: 50.0
  focal_length_35: 75.0
  crop: 1.5
  aperture: 7.1
  exposure: 0.0025
  exposure_string: 1/400 s
  iso: 200
  lens: smc PENTAX-FA Macro 50mm F2.8
  camera: PENTAX K-5
  time: 2014-04-25 18:15:37.000000000+02:00
- image_filename: IMGP5486raw1.jpg
  post_slug: 2014-04-25-wieczorna-przejazdzka-z-poznania-do-szamotul
  focal_length: 50.0
  focal_length_35: 75.0
  crop: 1.5
  aperture: 5.6
  exposure: 0.004
  exposure_string: 1/250 s
  iso: 200
  lens: smc PENTAX-FA Macro 50mm F2.8
  camera: PENTAX K-5
  time: 2014-04-25 18:44:40.000000000+02:00
- image_filename: header.jpg
  post_slug: 2014-04-25-wieczorna-przejazdzka-z-poznania-do-szamotul
  lat: 52.57514166666667
  lon: 16.65124722222222
  altitude: 80.4
  focal_length: 50.0
  focal_length_35: 75.0
  crop: 1.5
  aperture: 5.0
  exposure: 0.004
  exposure_string: 1/250 s
  iso: 200
  lens: smc PENTAX-FA Macro 50mm F2.8
  camera: PENTAX K-5
  time: 2014-04-25 18:15:20.000000000+02:00
