---
- image_filename: IMGP8923raw1.jpg
  post_slug: 2014-08-24-petla-przez-dziewicza-gore
  lat: 52.50898333333333
  lon: 16.989983333333335
  altitude: 68.9
  focal_length: 40.0
  focal_length_35: 60.0
  crop: 1.5
  aperture: 8.0
  exposure: 0.0015625
  exposure_string: 1/640 s
  iso: 200
  lens: smc PENTAX-DA 40mm F2.8 Limited
  camera: PENTAX K-5
  time: 2014-08-24 15:16:47.000000000+02:00
- image_filename: IMGP8928raw1.jpg
  post_slug: 2014-08-24-petla-przez-dziewicza-gore
  lat: 52.50375833333333
  lon: 16.994297222222222
  altitude: 73.7
  focal_length: 40.0
  focal_length_35: 60.0
  crop: 1.5
  aperture: 9.0
  exposure: 0.00125
  exposure_string: 1/800 s
  iso: 200
  lens: smc PENTAX-DA 40mm F2.8 Limited
  camera: PENTAX K-5
  time: 2014-08-24 15:20:16.000000000+02:00
- image_filename: header.jpg
  post_slug: 2014-08-24-petla-przez-dziewicza-gore
  lat: 52.50898888888889
  lon: 16.98999722222222
  altitude: 68.9
  focal_length: 40.0
  focal_length_35: 60.0
  crop: 1.5
  aperture: 7.1
  exposure: 0.0025
  exposure_string: 1/400 s
  iso: 200
  lens: smc PENTAX-DA 40mm F2.8 Limited
  camera: PENTAX K-5
  time: 2014-08-24 15:16:54.000000000+02:00
