---
- image_filename: header.jpg
  post_slug: 2015-10-23-co-zabralem-na-krotki-niby-lekki-wyjazd-w-gory
  lat: 51.01636444444444
  lon: 15.777903333333335
  altitude: 348.6
  focal_length: 200.0
  focal_length_35: 300.0
  crop: 1.5
  aperture: 7.1
  iso: 800
  lens: Sigma 150-500mm F5-6.3 APO DG OS HSM
  camera: PENTAX K-5
  exposure: 0.016666666666666666
  exposure_string: 1/60 s
  time: 2015-10-17 10:57:19+02:00
