---
- image_filename: IMGP1936raw1.jpg
  post_slug: 2015-07-18-dokonczenie-trasy-z-opalenicy-do-zbaszynia
  lat: 52.290930555555555
  lon: 16.312161111111113
  altitude: 103.0
  focal_length: 15.0
  focal_length_35: 22.0
  crop: 1.4666666666666666
  aperture: 8.0
  exposure: 0.002
  exposure_string: 1/500 s
  iso: 200
  lens: smc PENTAX-DA 15mm F4 ED AL Limited
  camera: PENTAX K-5
  time: 2015-07-18 09:58:49.000000000+02:00
- image_filename: IMGP1939raw1.jpg
  post_slug: 2015-07-18-dokonczenie-trasy-z-opalenicy-do-zbaszynia
  lat: 52.26923055555555
  lon: 16.136252777777777
  altitude: 70.8
  focal_length: 15.0
  focal_length_35: 22.0
  crop: 1.4666666666666666
  aperture: 7.1
  exposure: 0.003125
  exposure_string: 1/320 s
  iso: 200
  lens: smc PENTAX-DA 15mm F4 ED AL Limited
  camera: PENTAX K-5
  time: 2015-07-18 10:47:49.000000000+02:00
- image_filename: header.jpg
  post_slug: 2015-07-18-dokonczenie-trasy-z-opalenicy-do-zbaszynia
  lat: 52.24769722222222
  lon: 15.884194444444445
  altitude: 54.9
  focal_length: 15.0
  focal_length_35: 22.0
  crop: 1.4666666666666666
  aperture: 7.1
  exposure: 0.0025
  exposure_string: 1/400 s
  iso: 200
  width: 2048
  height: 1358
  lens: smc PENTAX-DA 15mm F4 ED AL Limited
  camera: PENTAX K-5
  time: 2015-07-18 13:58:17.000000000+02:00
