---
- image_filename: IMGP0279raw1.jpg
  post_slug: 2015-06-04-okolice-harrachowa-i-wielkiej-mumlawy
  focal_length: 40.0
  focal_length_35: 60.0
  crop: 1.5
  aperture: 5.0
  exposure: 0.004
  exposure_string: 1/250 s
  iso: 400
  lens: smc PENTAX-DA 40mm F2.8 Limited
  camera: PENTAX K-5
  time: 2015-06-03 16:53:48.000000000+02:00
- image_filename: IMGP0338raw1.jpg
  post_slug: 2015-06-04-okolice-harrachowa-i-wielkiej-mumlawy
  lat: 50.815444444444445
  lon: 15.381175
  altitude: 831.7
  focal_length: 40.0
  focal_length_35: 60.0
  crop: 1.5
  aperture: 4.5
  exposure: 0.005
  exposure_string: 1/200 s
  iso: 100
  lens: smc PENTAX-DA 40mm F2.8 Limited
  camera: PENTAX K-5
  time: 2015-06-04 16:16:03.000000000+02:00
- image_filename: header.jpg
  post_slug: 2015-06-04-okolice-harrachowa-i-wielkiej-mumlawy
  lat: 50.77056111111111
  lon: 15.45235
  altitude: 754.8
  focal_length: 15.0
  focal_length_35: 22.0
  crop: 1.4666666666666666
  aperture: 6.3
  exposure: 0.005
  exposure_string: 1/200 s
  iso: 400
  width: 2048
  height: 1358
  lens: smc PENTAX-DA 15mm F4 ED AL Limited
  camera: PENTAX K-5
  time: 2015-06-04 11:29:11.000000000+02:00
