---
- image_filename: header.jpg
  post_slug: 2015-08-25-co-zabralem-na-krotka-przejazdzke-z-noclegiem
  focal_length: 15.0
  focal_length_35: 22.0
  crop: 1.4666666666666666
  aperture: 11.0
  exposure: 1.0
  exposure_string: 1 s
  iso: 80
  width: 2048
  height: 1358
  lens: smc PENTAX-DA 15mm F4 ED AL Limited
  camera: PENTAX K-5
  time: 2015-08-22 19:47:08.000000000+02:00
