---
- image_filename: IMGP9175raw1.jpg
  post_slug: 2016-04-04-na-wschod-od-sierakowskiego-parku-krajobrazowego
  lat: 52.71203611111111
  lon: 16.30950277777778
  altitude: 51.6
  focal_length: 70.0
  focal_length_35: 105.0
  crop: 1.5
  aperture: 8.0
  exposure: 0.004
  exposure_string: 1/250 s
  iso: 200
  lens: smc PENTAX-DA 70mm F2.4 Limited
  camera: PENTAX K-5
  time: 2016-04-04 13:09:21.000000000+02:00
- image_filename: IMGP9180raw1.jpg
  post_slug: 2016-04-04-na-wschod-od-sierakowskiego-parku-krajobrazowego
  lat: 52.68951944444444
  lon: 16.264783333333334
  altitude: 58.3
  focal_length: 70.0
  focal_length_35: 105.0
  crop: 1.5
  aperture: 5.6
  exposure: 0.0025
  exposure_string: 1/400 s
  iso: 200
  lens: smc PENTAX-DA 70mm F2.4 Limited
  camera: PENTAX K-5
  time: 2016-04-04 13:37:40.000000000+02:00
- image_filename: IMGP9188raw1.jpg
  post_slug: 2016-04-04-na-wschod-od-sierakowskiego-parku-krajobrazowego
  lat: 52.657875
  lon: 16.225924999999997
  altitude: 67.4
  focal_length: 15.0
  focal_length_35: 22.0
  crop: 1.4666666666666666
  aperture: 7.1
  exposure: 0.0025
  exposure_string: 1/400 s
  iso: 200
  lens: smc PENTAX-DA 15mm F4 ED AL Limited
  camera: PENTAX K-5
  time: 2016-04-04 14:09:51.000000000+02:00
- image_filename: header.jpg
  post_slug: 2016-04-04-na-wschod-od-sierakowskiego-parku-krajobrazowego
  lat: 52.70986388888889
  lon: 16.260377777777776
  altitude: 49.7
  focal_length: 70.0
  focal_length_35: 105.0
  crop: 1.5
  aperture: 6.3
  exposure: 0.002
  exposure_string: 1/500 s
  iso: 200
  width: 2000
  height: 1326
  lens: smc PENTAX-DA 70mm F2.4 Limited
  camera: PENTAX K-5
  time: 2016-04-04 13:20:12.000000000+02:00
