---
- image_filename: header.jpg
  post_slug: 2016-01-30-turystyka-tramwajowa-w-krakowie-i-na-slasku
  focal_length: 15.0
  focal_length_35: 22.0
  crop: 1.4666666666666666
  aperture: 4.5
  exposure: 30.0
  exposure_string: 30 s
  iso: 3200
  width: 2048
  height: 1358
  lens: smc PENTAX-DA 15mm F4 ED AL Limited
  camera: PENTAX K-5
  time: 2014-12-26 19:36:56.000000000+01:00
