---
- image_filename: IMGP9223raw1.jpg
  post_slug: 2016-04-15-wyjazd-z-poznania-w-kierunku-poludniowo-wschodnim
  lat: 52.33801944444445
  lon: 17.080791666666666
  altitude: 82.8
  focal_length: 15.0
  focal_length_35: 22.0
  crop: 1.4666666666666666
  aperture: 8.0
  exposure: 0.002
  exposure_string: 1/500 s
  iso: 200
  lens: smc PENTAX-DA 15mm F4 ED AL Limited
  camera: PENTAX K-5
  time: 2016-04-15 12:44:13.000000000+02:00
- image_filename: header.jpg
  post_slug: 2016-04-15-wyjazd-z-poznania-w-kierunku-poludniowo-wschodnim
  lat: 52.33853333333334
  lon: 17.081186111111112
  altitude: 81.4
  focal_length: 15.0
  focal_length_35: 22.0
  crop: 1.4666666666666666
  aperture: 8.0
  exposure: 0.002
  exposure_string: 1/500 s
  iso: 200
  width: 2000
  height: 1326
  lens: smc PENTAX-DA 15mm F4 ED AL Limited
  camera: PENTAX K-5
  time: 2016-04-15 12:43:59.000000000+02:00
