---
- image_filename: header.jpg
  post_slug: 2016-12-06-lekko-mglisty-rynek-poznania
  lat: 52.406625
  lon: 16.93486111111111
  altitude: 63.0
  focal_length: 17.0
  focal_length_35: 25.0
  crop: 1.4705882352941178
  aperture: 16.0
  iso: 100
  camera: PENTAX K-S2
  width: 2000
  height: 1334
  exposure: 8.0
  exposure_string: 8 s
  time: 2016-12-06 23:17:15+01:00
- image_filename: IMGP0254raw1.jpg
  post_slug: 2016-12-06-lekko-mglisty-rynek-poznania
  lat: 52.40983333333333
  lon: 16.92938888888889
  altitude: 61.0
  focal_length: 17.0
  focal_length_35: 25.0
  crop: 1.4705882352941178
  aperture: 14.0
  iso: 100
  camera: PENTAX K-S2
  exposure: 15.0
  exposure_string: 15 s
  time: 2016-12-06 23:58:28+01:00
- image_filename: IMGP0251raw1.jpg
  post_slug: 2016-12-06-lekko-mglisty-rynek-poznania
  lat: 52.410069444444446
  lon: 16.933333333333334
  altitude: 58.0
  focal_length: 27.0
  focal_length_35: 40.0
  crop: 1.4814814814814814
  aperture: 14.0
  iso: 100
  camera: PENTAX K-S2
  exposure: 15.0
  exposure_string: 15 s
  time: 2016-12-06 23:52:15+01:00
- image_filename: IMGP0239raw1.jpg
  post_slug: 2016-12-06-lekko-mglisty-rynek-poznania
  lat: 52.40947222222222
  lon: 16.936069444444446
  altitude: 57.0
  focal_length: 17.0
  focal_length_35: 25.0
  crop: 1.4705882352941178
  aperture: 14.0
  iso: 100
  camera: PENTAX K-S2
  exposure: 10.0
  exposure_string: 10 s
  time: 2016-12-06 23:37:04+01:00
