---
- image_filename: IMGP7056raw1.jpg
  post_slug: 2017-06-04-wzdluz-jeziora-dymaszewskiego
  lat: 52.22569444444444
  lon: 16.778555555555556
  altitude: 62.0
  focal_length: 15.0
  focal_length_35: 22.0
  crop: 1.4666666666666666
  aperture: 8.0
  exposure: 0.008
  exposure_string: 1/125 s
  iso: 100
  camera: PENTAX K-S2
  time: 2017-06-04 12:44:34.000000000+02:00
- image_filename: IMGP7059raw1.jpg
  post_slug: 2017-06-04-wzdluz-jeziora-dymaszewskiego
  lat: 52.236180555555556
  lon: 16.767444444444443
  altitude: 62.0
  focal_length: 15.0
  focal_length_35: 22.0
  crop: 1.4666666666666666
  aperture: 8.0
  exposure: 0.0025
  exposure_string: 1/400 s
  iso: 100
  camera: PENTAX K-S2
  time: 2017-06-04 13:00:10.000000000+02:00
- image_filename: IMGP7064raw1.jpg
  post_slug: 2017-06-04-wzdluz-jeziora-dymaszewskiego
  lat: 52.25791666666667
  lon: 16.750694444444445
  altitude: 66.0
  focal_length: 15.0
  focal_length_35: 22.0
  crop: 1.4666666666666666
  aperture: 8.0
  exposure: 0.02
  exposure_string: 1/50 s
  iso: 320
  camera: PENTAX K-S2
  time: 2017-06-04 13:30:04.000000000+02:00
- image_filename: header.jpg
  post_slug: 2017-06-04-wzdluz-jeziora-dymaszewskiego
  lat: 52.25738888888889
  lon: 16.75109722222222
  altitude: 65.0
  focal_length: 15.0
  focal_length_35: 22.0
  crop: 1.4666666666666666
  aperture: 8.0
  exposure: 0.02
  exposure_string: 1/50 s
  iso: 160
  camera: PENTAX K-S2
  time: 2017-06-04 13:29:36.000000000+02:00
