---
- image_filename: IMGP1897raw1.jpg
  post_slug: 2017-01-12-opuszczenie-zimowych-rudaw-janowickich
  lat: 50.88223611111111
  lon: 15.817555555555556
  altitude: 338.0
  focal_length: 50.0
  focal_length_35: 75.0
  crop: 1.5
  aperture: 4.0
  exposure: 0.005
  exposure_string: 1/200 s
  iso: 100
  camera: PENTAX K-S2
  time: 2017-01-12 09:06:22.000000000+01:00
- image_filename: IMGP1902raw1.jpg
  post_slug: 2017-01-12-opuszczenie-zimowych-rudaw-janowickich
  lat: 50.882847222222225
  lon: 15.81898611111111
  altitude: 341.0
  focal_length: 50.0
  focal_length_35: 75.0
  crop: 1.5
  aperture: 5.6
  exposure: 0.01
  exposure_string: 1/100 s
  iso: 160
  camera: PENTAX K-S2
  time: 2017-01-12 09:08:13.000000000+01:00
- image_filename: header.jpg
  post_slug: 2017-01-12-opuszczenie-zimowych-rudaw-janowickich
  lat: 50.87383333333334
  lon: 15.817833333333333
  altitude: 331.0
  focal_length: 50.0
  focal_length_35: 75.0
  crop: 1.5
  aperture: 4.0
  exposure: 0.005
  exposure_string: 1/200 s
  iso: 100
  camera: PENTAX K-S2
  time: 2017-01-12 08:53:09.000000000+01:00
