---
- image_filename: header.jpg
  post_slug: 2022-04-08-mokry-kampinos
- image_filename: 2022_04_08__16_33_P4086635.jpg
  post_slug: 2022-04-08-mokry-kampinos
  lat: 52.295027777777776
  lon: 20.757597222222223
  altitude: 77.0
  focal_length: 210.0
  focal_length_35: 420.0
  crop: 2.0
  aperture: 4.0
  exposure: 0.025
  exposure_string: 1/40 s
  focus_distance: 32.25
  iso: 200
  width: 8122
  height: 6088
  lens: M.40-150mm F2.8 + MC-14
  camera: E-M1MarkIII
  time: 2022-04-08 16:33:02.000000000+02:00
