---
- image_filename: 2022_04_10__15_55_P4109871.jpg
  post_slug: 2022-04-14-szukajac-wiosny-w-okolicy-kornika
- image_filename: 2022_04_14__15_58_P4141025.jpg
  post_slug: 2022-04-14-szukajac-wiosny-w-okolicy-kornika
  lat: 52.21002777777778
  lon: 17.14390277777778
  altitude: 30.0
  focal_length: 61.0
  focal_length_35: 122.0
  crop: 2.0
  aperture: 5.0
  exposure: 0.005
  exposure_string: 1/200 s
  focus_distance: 17.47
  iso: 200
  width: 8142
  height: 6092
  lens: OLYMPUS M.12-100mm F4.0
  camera: E-M1MarkIII
  time: 2022-04-14 15:58:58.000000000+02:00
