---
- image_filename: header.jpg
  post_slug: 2022-04-10-pociagiem-do-ciechocinka
- image_filename: 2022_04_10__15_56_P4109912.jpg
  post_slug: 2022-04-10-pociagiem-do-ciechocinka
  lat: 52.95588888888889
  lon: 18.909875
  altitude: 90.0
  focal_length: 40.0
  focal_length_35: 80.0
  crop: 2.0
  aperture: 3.2
  exposure: 0.001
  exposure_string: 1/1000 s
  focus_distance: 10.5
  iso: 320
  width: 5177
  height: 3827
  lens: OLYMPUS M.40-150mm F2.8
  camera: E-M1MarkIII
  time: 2022-04-10 15:56:09.000000000+02:00
