---
- image_filename: header.jpg
  post_slug: 2022-04-23-notec-i-polnocna-wielkopolska
- image_filename: 2022_04_23__13_04_P4231940.jpg
  post_slug: 2022-04-23-notec-i-polnocna-wielkopolska
  lat: 53.01002777777778
  lon: 17.36913888888889
  altitude: 146.0
  focal_length: 92.0
  focal_length_35: 184.0
  crop: 2.0
  aperture: 4.5
  exposure: 0.004
  exposure_string: 1/250 s
  focus_distance: 72.5
  iso: 200
  width: 7995
  height: 5851
  lens: OLYMPUS M.12-100mm F4.0
  camera: E-M1MarkIII
  time: 2022-04-23 13:04:12.000000000+02:00
- image_filename: 2022_04_23__13_52_P4231974.jpg
  post_slug: 2022-04-23-notec-i-polnocna-wielkopolska
  lat: 52.93805555555555
  lon: 17.28427777777778
  altitude: 68.0
  focal_length: 47.0
  focal_length_35: 94.0
  crop: 2.0
  aperture: 7.1
  exposure: 0.004
  exposure_string: 1/250 s
  focus_distance: 23.33
  iso: 200
  width: 5220
  height: 3897
  lens: OLYMPUS M.12-100mm F4.0
  camera: E-M1MarkIII
  time: 2022-04-23 13:52:43.000000000+02:00
- image_filename: 2022_04_23__11_51_P4231904.jpg
  post_slug: 2022-04-23-notec-i-polnocna-wielkopolska
  lat: 53.093138888888895
  lon: 17.419666666666668
  altitude: 87.0
  focal_length: 54.0
  focal_length_35: 108.0
  crop: 2.0
  aperture: 5.6
  exposure: 0.005
  exposure_string: 1/200 s
  focus_distance: 32.12
  iso: 200
  width: 7897
  height: 5705
  lens: OLYMPUS M.12-100mm F4.0
  camera: E-M1MarkIII
  time: 2022-04-23 11:51:46.000000000+02:00
