---
- image_filename: 2023_04_21__16_23_DJI_0456.jpg
  post_slug: 2023-04-21-testujac-rower-i-drona
  lat: 52.43778611111111
  lon: 17.256808333333332
  altitude: 128.6
  focal_length: 6.7
  focal_length_35: 24.0
  crop: 3.582089552238806
  aperture: 1.7
  exposure: 0.0005
  exposure_string: 1/2000 s
  iso: 120
  width: 8064
  height: 6048
  camera: FC3582
  time: 2023-04-21 16:23:00.000000000+02:00
