---
- image_filename: 2023_06_22__15_51_P6223179.jpg
  post_slug: 2023-06-22-powrot-do-jezdzenia
  lat: 52.46088888888889
  lon: 17.201277777777776
  altitude: 99.0
  focal_length: 12.0
  focal_length_35: 24.0
  crop: 2.0
  aperture: 8.0
  exposure: 0.004
  exposure_string: 1/250 s
  iso: 200
  width: 8069
  height: 5958
  lens: OLYMPUS M.12-100mm F4.0
  camera: E-M1MarkIII
  time: 2023-06-22 15:51:52.000000000+02:00
