---
- image_filename: 2022_07_31__18_45_P7310479.jpg
  post_slug: 2025-07-22-trudne-wakacje
- image_filename: 2025_07_22__10_27_P7220002.jpg
  post_slug: 2025-07-22-trudne-wakacje
  lat: 52.60894444444445
  lon: 17.14973611111111
  altitude: 113.0
  focal_length: 47.0
  aperture: 8.0
  exposure: 0.003125
  exposure_string: 1/320 s
  focus_distance: 20.5
  iso: 200
  width: 8168
  height: 6132
  lens: OLYMPUS M.12-100mm F4.0
  camera: OM-1
  time: 2025-07-22 10:27:52.000000000+02:00
