---
- image_filename: IMGP6964b.jpg
  post_slug: 2013-07-23-snieznik-jaskinia-niedzwiedzia-i-kopalnia-uranu-w-kletnie
  lat: 50.20480416666667
  lon: 16.840859166666664
  altitude: 1338.3
  focal_length: 15.0
  focal_length_35: 22.0
  crop: 1.4666666666666666
  aperture: 7.1
  lens: smc PENTAX-DA 15mm F4 ED AL Limited
  camera: PENTAX K-5
  exposure: 0.004
  exposure_string: 1/250 s
  time: 2013-07-23 09:41:55+02:00
- image_filename: IMGP7179b.jpg
  post_slug: 2013-07-23-snieznik-jaskinia-niedzwiedzia-i-kopalnia-uranu-w-kletnie
  lat: 50.21084972222223
  lon: 16.83133361111111
  altitude: 1210.4
  focal_length: 50.0
  focal_length_35: 75.0
  crop: 1.5
  aperture: 2.8
  lens: smc PENTAX-FA Macro 50mm F2.8
  camera: PENTAX K-5
  exposure: 0.008
  exposure_string: 1/125 s
  time: 2013-07-23 18:26:33+02:00
- image_filename: IMGP6963b.jpg
  post_slug: 2013-07-23-snieznik-jaskinia-niedzwiedzia-i-kopalnia-uranu-w-kletnie
  lat: 50.204478611111114
  lon: 16.839425
  altitude: 1315.7
  focal_length: 15.0
  focal_length_35: 22.0
  crop: 1.4666666666666666
  aperture: 7.1
  lens: smc PENTAX-DA 15mm F4 ED AL Limited
  camera: PENTAX K-5
  exposure: 0.004
  exposure_string: 1/250 s
  time: 2013-07-23 09:35:13+02:00
- image_filename: header.jpg
  post_slug: 2013-07-23-snieznik-jaskinia-niedzwiedzia-i-kopalnia-uranu-w-kletnie
  lat: 50.206962222222224
  lon: 16.84615111111111
  altitude: 1418.6
  focal_length: 50.0
  focal_length_35: 75.0
  crop: 1.5
  aperture: 8.0
  lens: smc PENTAX-FA Macro 50mm F2.8
  camera: PENTAX K-5
  width: 2048
  height: 1356
  exposure: 0.0025
  exposure_string: 1/400 s
  time: 2013-07-23 10:31:49+02:00
