---
- image_filename: IMGP8432b.jpg
  post_slug: 2013-08-25-w-strone-skokow-po-raz-2-gi
  lat: 52.713836944444445
  lon: 17.093336666666666
  altitude: 78.5
  focal_length: 50.0
  focal_length_35: 75.0
  crop: 1.5
  aperture: 6.3
  lens: smc PENTAX-FA Macro 50mm F2.8
  camera: PENTAX K-5
  exposure: 0.003125
  exposure_string: 1/320 s
  time: 2013-08-25 14:37:50+02:00
- image_filename: header.jpg
  post_slug: 2013-08-25-w-strone-skokow-po-raz-2-gi
  lat: 52.659099166666664
  lon: 16.998734722222224
  altitude: 116.5
  focal_length: 50.0
  focal_length_35: 75.0
  crop: 1.5
  aperture: 7.1
  lens: smc PENTAX-FA Macro 50mm F2.8
  camera: PENTAX K-5
  width: 2048
  height: 1358
  exposure: 0.003125
  exposure_string: 1/320 s
  time: 2013-08-25 13:41:58+02:00
