---
- image_filename: header.jpg
  post_slug: 2013-09-05-obok-jeziora-kierskiego
  lat: 52.462788055555556
  lon: 16.8263375
  altitude: 75.6
  focal_length: 15.0
  focal_length_35: 22.0
  crop: 1.4666666666666666
  aperture: 10.0
  lens: smc PENTAX-DA 15mm F4 ED AL Limited
  camera: PENTAX K-5
  width: 2048
  height: 1358
  exposure: 0.07692307692307693
  exposure_string: 1/13 s
  time: 2015-09-04 19:14:44+02:00
