---
- image_filename: IMGP9058b.jpg
  post_slug: 2013-03-01-ze-szrenicy-do-pttk-odrodzenie
  lat: 50.77986361111111
  lon: 15.537485555555556
  altitude: 1415.7
  focal_length: 15.0
  focal_length_35: 22.0
  crop: 1.4666666666666666
  aperture: 9.0
  lens: smc PENTAX-DA 15mm F4 ED AL Limited
  camera: PENTAX K-5
  exposure: 0.001
  exposure_string: 1/1000 s
  time: 2013-03-01 11:34:08+01:00
- image_filename: header.jpg
  post_slug: 2013-03-01-ze-szrenicy-do-pttk-odrodzenie
  focal_length: 50.0
  focal_length_35: 75.0
  crop: 1.5
  aperture: 4.5
  lens: smc PENTAX-FA Macro 50mm F2.8
  camera: PENTAX K-5
  width: 2048
  height: 1356
  exposure: 0.0015625
  exposure_string: 1/640 s
  time: 2013-03-02 07:36:22+01:00
