---
- image_filename: header.jpg
  post_slug: 2013-10-09-obok-malty-do-swarzedza
  lat: 52.43109888888889
  lon: 16.96098611111111
  altitude: 54.7
  focal_length: 35.0
  focal_length_35: 52.0
  crop: 1.4857142857142858
  aperture: 4.0
  iso: 400
  lens: smc PENTAX-DA 35mm F2.4 AL
  camera: PENTAX K-5
  width: 2048
  height: 1358
  exposure: 0.03333333333333333
  exposure_string: 1/30 s
  time: 2013-10-09 13:44:43+02:00
