---
- image_filename: header.jpg
  post_slug: 2014-06-20-przez-jakuszyce-i-stog-izerski
  lat: 50.892715277777775
  lon: 15.306637222222223
  altitude: 1079.7
  focal_length: 40.0
  focal_length_35: 60.0
  crop: 1.5
  aperture: 7.1
  lens: smc PENTAX-DA 40mm F2.8 Limited
  camera: PENTAX K-5
  width: 2048
  height: 1358
  exposure: 0.0025
  exposure_string: 1/400 s
  time: 2014-06-20 13:37:38+02:00
