---
- image_filename: header.jpg
  post_slug: 2014-01-03-okolice-gluszycy
  lat: 50.6783475
  lon: 16.432209722222222
  altitude: 714.9
  focal_length: 50.0
  focal_length_35: 75.0
  crop: 1.5
  aperture: 5.6
  lens: smc PENTAX-FA Macro 50mm F2.8
  camera: PENTAX K-5
  width: 2048
  height: 1358
  exposure: 0.002
  exposure_string: 1/500 s
  time: 2014-01-04 10:40:30+01:00
