---
- image_filename: header.jpg
  post_slug: 2014-05-01-przejazdzka-do-kornika
  lat: 52.24480916666667
  lon: 16.90183638888889
  altitude: 59.3
  focal_length: 50.0
  focal_length_35: 75.0
  crop: 1.5
  aperture: 8.0
  lens: smc PENTAX-FA Macro 50mm F2.8
  camera: PENTAX K-5
  width: 2048
  height: 1358
  exposure: 0.0025
  exposure_string: 1/400 s
  time: 2014-05-01 15:40:09+02:00
