---
- image_filename: IMGP8972raw1.jpg
  post_slug: 2014-08-31-powrot-z-rogozna-do-poznania
  lat: 52.72356527777778
  lon: 16.997488055555557
  altitude: 72.7
  focal_length: 40.0
  focal_length_35: 60.0
  crop: 1.5
  aperture: 5.6
  lens: smc PENTAX-DA 40mm F2.8 Limited
  camera: PENTAX K-5
  exposure: 0.004
  exposure_string: 1/250 s
  time: 2014-08-31 16:23:06+02:00
- image_filename: IMGP8976raw1.jpg
  post_slug: 2014-08-31-powrot-z-rogozna-do-poznania
  lat: 52.689909166666666
  lon: 16.9464325
  altitude: 81.4
  focal_length: 40.0
  focal_length_35: 60.0
  crop: 1.5
  aperture: 7.1
  lens: smc PENTAX-DA 40mm F2.8 Limited
  camera: PENTAX K-5
  exposure: 0.0025
  exposure_string: 1/400 s
  time: 2014-08-31 16:44:27+02:00
- image_filename: header.jpg
  post_slug: 2014-08-31-powrot-z-rogozna-do-poznania
  lat: 52.537887777777776
  lon: 16.849646944444444
  altitude: 93.9
  focal_length: 40.0
  focal_length_35: 60.0
  crop: 1.5
  aperture: 2.8
  lens: smc PENTAX-DA 40mm F2.8 Limited
  camera: PENTAX K-5
  exposure: 0.01
  exposure_string: 1/100 s
  time: 2014-08-31 18:25:18+02:00
