---
- image_filename: header.jpg
  post_slug: 2014-07-02-w-strone-skokow-po-raz-3-ci
  lat: 52.57557388888889
  lon: 16.959916944444444
  altitude: 55.9
  focal_length: 15.0
  focal_length_35: 22.0
  crop: 1.4666666666666666
  aperture: 7.1
  lens: smc PENTAX-DA 15mm F4 ED AL Limited
  camera: PENTAX K-5
  width: 2048
  height: 1358
  exposure: 0.004
  exposure_string: 1/250 s
  time: 2014-07-02 16:24:52+02:00
