---
- image_filename: header.jpg
  post_slug: 2014-06-19-do-jakuszyc-i-rzut-oka-na-osade-jizerke
  lat: 50.81973083333334
  lon: 15.347495
  altitude: 852.3
  focal_length: 40.0
  focal_length_35: 60.0
  crop: 1.5
  aperture: 3.5
  lens: smc PENTAX-DA 40mm F2.8 Limited
  camera: PENTAX K-5
  width: 2048
  height: 1358
  exposure: 0.00625
  exposure_string: 1/160 s
  time: 2014-06-19 17:59:45+02:00
