---
- image_filename: header.jpg
  post_slug: 2014-10-19-fotowarsztaty-w-gorach-stolowych
  lat: 50.48556333333333
  lon: 16.339390555555553
  altitude: 890.3
  focal_length: 15.0
  focal_length_35: 22.0
  crop: 1.4666666666666666
  aperture: 5.6
  lens: smc PENTAX-DA 15mm F4 ED AL Limited
  camera: PENTAX K-5
  width: 2048
  height: 1358
  exposure: 30.0
  exposure_string: 30 s
  time: 2014-10-18 06:44:10+02:00
