---
- image_filename: header.jpg
  post_slug: 2014-01-04-przez-wielka-sowe-do-kamionek
  lat: 50.680326944444445
  lon: 16.485678333333333
  altitude: 1043.7
  focal_length: 70.0
  focal_length_35: 105.0
  crop: 1.5
  aperture: 5.0
  lens: smc PENTAX-DA 70mm F2.4 Limited
  camera: PENTAX K-5
  width: 2048
  height: 1358
  exposure: 0.0025
  exposure_string: 1/400 s
  time: 2014-01-04 14:01:38+01:00
