---
- image_filename: header.jpg
  post_slug: 2014-06-21-ze-szklarskiej-poreby-przez-karpacz-do-jeleniej-gory
  lat: 50.80697083333333
  lon: 15.605561388888889
  altitude: 684.1
  focal_length: 40.0
  focal_length_35: 60.0
  crop: 1.5
  aperture: 3.2
  lens: smc PENTAX-DA 40mm F2.8 Limited
  camera: PENTAX K-5
  width: 2048
  height: 1358
  exposure: 0.01
  exposure_string: 1/100 s
  time: 2014-06-21 09:55:40+02:00
