---
- image_filename: header.jpg
  post_slug: 2014-04-28-nadwarcianskim-szlakiem-rowerowym-oborniki-wronki
  lat: 52.696458611111105
  lon: 16.63065138888889
  altitude: 56.9
  focal_length: 15.0
  focal_length_35: 22.0
  crop: 1.4666666666666666
  aperture: 7.1
  lens: smc PENTAX-DA 15mm F4 ED AL Limited
  camera: PENTAX K-5
  width: 2048
  height: 1358
  exposure: 0.003125
  exposure_string: 1/320 s
  time: 2014-04-28 11:37:49+02:00
