---
- image_filename: IMGP8928raw1.jpg
  post_slug: 2014-08-24-petla-przez-dziewicza-gore
  lat: 52.50375833333333
  lon: 16.994296666666667
  altitude: 73.7
  focal_length: 40.0
  focal_length_35: 60.0
  crop: 1.5
  aperture: 9.0
  lens: smc PENTAX-DA 40mm F2.8 Limited
  camera: PENTAX K-5
  exposure: 0.00125
  exposure_string: 1/800 s
  time: 2014-08-24 15:20:16+02:00
- image_filename: IMGP8923raw1.jpg
  post_slug: 2014-08-24-petla-przez-dziewicza-gore
  lat: 52.5089825
  lon: 16.989982222222224
  altitude: 68.9
  focal_length: 40.0
  focal_length_35: 60.0
  crop: 1.5
  aperture: 8.0
  lens: smc PENTAX-DA 40mm F2.8 Limited
  camera: PENTAX K-5
  exposure: 0.0015625
  exposure_string: 1/640 s
  time: 2014-08-24 15:16:47+02:00
- image_filename: header.jpg
  post_slug: 2014-08-24-petla-przez-dziewicza-gore
  lat: 52.5089875
  lon: 16.989996666666666
  altitude: 68.9
  focal_length: 40.0
  focal_length_35: 60.0
  crop: 1.5
  aperture: 7.1
  lens: smc PENTAX-DA 40mm F2.8 Limited
  camera: PENTAX K-5
  exposure: 0.0025
  exposure_string: 1/400 s
  time: 2014-08-24 15:16:54+02:00
