---
- image_filename: header.jpg
  post_slug: 2015-10-18-wejscie-na-ostrzyce
  lat: 51.05604888888889
  lon: 15.763335277777777
  altitude: 507.7
  focal_length: 310.0
  focal_length_35: 465.0
  crop: 1.5
  aperture: 8.0
  lens: Sigma 150-500mm F5-6.3 APO DG OS HSM
  camera: PENTAX K-5
  width: 2048
  height: 1358
  exposure: 0.002
  exposure_string: 1/500 s
  time: 2015-10-18 13:34:09+02:00
