---
- image_filename: header.jpg
  post_slug: 2015-06-20-filmiki-ze-szklarskiej-gotowe
  lat: 50.951859722222224
  lon: 15.712224166666665
  altitude: 415.4
  focal_length: 15.0
  focal_length_35: 22.0
  crop: 1.4666666666666666
  aperture: 6.3
  iso: 100
  lens: smc PENTAX-DA 15mm F4 ED AL Limited
  camera: PENTAX K-5
  exposure: 0.008
  exposure_string: 1/125 s
  time: 2015-06-05 15:25:49+02:00
