---
- image_filename: header.jpg
  post_slug: 2015-06-27-zachod-od-poznania-do-opalenicy
  lat: 52.41125888888889
  lon: 16.622013055555556
  altitude: 91.9
  focal_length: 50.0
  focal_length_35: 75.0
  crop: 1.5
  aperture: 5.6
  lens: smc PENTAX-FA Macro 50mm F2.8
  camera: PENTAX K-5
  width: 2048
  height: 1358
  exposure: 0.003125
  exposure_string: 1/320 s
  time: 2015-06-27 12:26:36+02:00
