---
- image_filename: header.jpg
  post_slug: 2015-05-02-z-szamotul-do-trzcianki-zielonym
  lat: 52.844499722222224
  lon: 16.60832527777778
  altitude: 93.9
  focal_length: 40.0
  focal_length_35: 60.0
  crop: 1.5
  aperture: 5.6
  lens: smc PENTAX-DA 40mm F2.8 Limited
  camera: PENTAX K-5
  width: 2048
  height: 1358
  exposure: 0.004
  exposure_string: 1/250 s
  time: 2015-05-02 13:08:35+02:00
