---
- image_filename: header.jpg
  post_slug: 2015-10-17-petla-po-pogorzu-kaczawskim
  lat: 50.99085027777778
  lon: 15.791317222222222
  altitude: 567.3
  focal_length: 15.0
  focal_length_35: 22.0
  crop: 1.4666666666666666
  aperture: 6.3
  lens: smc PENTAX-DA 15mm F4 ED AL Limited
  camera: PENTAX K-5
  width: 2048
  height: 1358
  exposure: 0.03333333333333333
  exposure_string: 1/30 s
  time: 2015-10-17 12:35:16+02:00
