---
- image_filename: header.jpg
  post_slug: 2015-06-05-wokol-jeleniej-gory
  lat: 50.948279166666666
  lon: 15.703435555555554
  altitude: 390.4
  focal_length: 15.0
  focal_length_35: 22.0
  crop: 1.4666666666666666
  aperture: 7.1
  lens: smc PENTAX-DA 15mm F4 ED AL Limited
  camera: PENTAX K-5
  width: 2048
  height: 1358
  exposure: 0.003125
  exposure_string: 1/320 s
  time: 2015-06-05 15:13:24+02:00
