---
- image_filename: header.jpg
  post_slug: 2015-08-02-szybki-kurs-do-janikowa
  lat: 52.66374944444444
  lon: 18.120779722222224
  altitude: 88.6
  focal_length: 15.0
  focal_length_35: 22.0
  crop: 1.4666666666666666
  aperture: 7.1
  lens: smc PENTAX-DA 15mm F4 ED AL Limited
  camera: PENTAX K-5
  width: 2048
  height: 1358
  exposure: 0.005
  exposure_string: 1/200 s
  time: 2015-08-02 12:35:05+02:00
