---
- image_filename: header.jpg
  post_slug: 2015-07-11-z-muszyny-na-hale-labowska
  lat: 49.60622888888889
  lon: 20.861395555555557
  altitude: 466.4
  focal_length: 50.0
  focal_length_35: 75.0
  crop: 1.5
  aperture: 5.0
  lens: smc PENTAX-FA Macro 50mm F2.8
  camera: PENTAX K-5
  width: 2000
  height: 1326
  exposure: 0.005
  exposure_string: 1/200 s
  time: 2015-07-11 06:37:30+02:00
