---
- image_filename: header.jpg
  post_slug: 2015-05-24-w-strone-sremu-ale-bez-niego
  lat: 52.294194166666664
  lon: 16.8747925
  altitude: 67.9
  focal_length: 15.0
  focal_length_35: 22.0
  crop: 1.4666666666666666
  aperture: 8.0
  lens: smc PENTAX-DA 15mm F4 ED AL Limited
  camera: PENTAX K-5
  width: 2048
  height: 1358
  exposure: 0.0025
  exposure_string: 1/400 s
  time: 2015-05-24 14:02:53+02:00
