---
- image_filename: header.jpg
  post_slug: 2015-09-01-z-lednogory-do-skokow-krecac-sie-wokol-jezior
  lat: 52.56843472222223
  lon: 17.3871325
  altitude: 117.9
  focal_length: 15.0
  focal_length_35: 22.0
  crop: 1.4666666666666666
  aperture: 8.0
  lens: smc PENTAX-DA 15mm F4 ED AL Limited
  camera: PENTAX K-5
  width: 2048
  height: 1358
  exposure: 0.002
  exposure_string: 1/500 s
  time: 2015-09-01 09:02:27+02:00
