---
- image_filename: header.jpg
  post_slug: 2015-07-25-zachodnia-czesc-doliny-baryczy-od-zmigrodu
  lat: 51.5403125
  lon: 17.04236416666667
  altitude: 94.3
  focal_length: 15.0
  focal_length_35: 22.0
  crop: 1.4666666666666666
  aperture: 6.3
  lens: smc PENTAX-DA 15mm F4 ED AL Limited
  camera: PENTAX K-5
  width: 2048
  height: 1358
  exposure: 0.00625
  exposure_string: 1/160 s
  time: 2015-07-25 17:05:10+02:00
