---
- image_filename: header.jpg
  post_slug: 2015-04-18-kolko-przez-poligon-w-biedrusku
  lat: 52.522322777777774
  lon: 16.911663333333333
  altitude: 77.0
  focal_length: 50.0
  focal_length_35: 75.0
  crop: 1.5
  aperture: 4.0
  iso: 400
  lens: smc PENTAX-FA Macro 50mm F2.8
  camera: PENTAX K-5
  exposure: 0.005
  exposure_string: 1/200 s
  time: 2015-04-18 17:16:14+02:00
