---
- image_filename: header.jpg
  post_slug: 2015-06-06-ze-szklarskiej-poreby-do-janowic-wielkich
  lat: 50.861042777777776
  lon: 15.879617777777778
  altitude: 470.7
  focal_length: 15.0
  focal_length_35: 22.0
  crop: 1.4666666666666666
  aperture: 6.3
  lens: smc PENTAX-DA 15mm F4 ED AL Limited
  camera: PENTAX K-5
  width: 2048
  height: 1358
  exposure: 0.008
  exposure_string: 1/125 s
  time: 2015-06-06 16:00:30+02:00
