---
- image_filename: header.jpg
  post_slug: 2015-08-01-przez-powidz-i-granice-dwoch-wojewodztw
  lat: 52.36342638888889
  lon: 17.898856666666667
  altitude: 109.7
  focal_length: 15.0
  focal_length_35: 22.0
  crop: 1.4666666666666666
  aperture: 7.1
  lens: smc PENTAX-DA 15mm F4 ED AL Limited
  camera: PENTAX K-5
  width: 2048
  height: 1358
  exposure: 0.003125
  exposure_string: 1/320 s
  time: 2015-08-01 12:13:20+02:00
