---
- image_filename: header.jpg
  post_slug: 2015-07-26-do-milicza-trasa-dawnej-kolei-waskotorowej
  lat: 51.54123277777778
  lon: 17.287800555555556
  altitude: 107.3
  focal_length: 15.0
  focal_length_35: 22.0
  crop: 1.4666666666666666
  aperture: 7.1
  lens: smc PENTAX-DA 15mm F4 ED AL Limited
  camera: PENTAX K-5
  width: 2048
  height: 1365
  exposure: 0.003125
  exposure_string: 1/320 s
  time: 2015-07-26 16:44:18+02:00
