---
- image_filename: header.jpg
  post_slug: 2015-06-04-okolice-harrachowa-i-wielkiej-mumlawy
  lat: 50.770559999999996
  lon: 15.45235
  altitude: 754.8
  focal_length: 15.0
  focal_length_35: 22.0
  crop: 1.4666666666666666
  aperture: 6.3
  lens: smc PENTAX-DA 15mm F4 ED AL Limited
  camera: PENTAX K-5
  width: 2048
  height: 1358
  exposure: 0.005
  exposure_string: 1/200 s
  time: 2015-06-04 11:29:11+02:00
