---
- image_filename: header.jpg
  post_slug: 2015-05-22-w-strone-skokow-po-raz-5
  lat: 52.6555375
  lon: 16.962184166666667
  altitude: 97.7
  focal_length: 15.0
  focal_length_35: 22.0
  crop: 1.4666666666666666
  aperture: 9.0
  lens: smc PENTAX-DA 15mm F4 ED AL Limited
  camera: PENTAX K-5
  width: 2048
  height: 1358
  exposure: 0.005
  exposure_string: 1/200 s
  time: 2015-05-22 15:58:37+02:00
