---
- image_filename: header.jpg
  post_slug: 2015-07-18-dokonczenie-trasy-z-opalenicy-do-zbaszynia
  lat: 52.24769638888889
  lon: 15.884194722222222
  altitude: 54.9
  focal_length: 15.0
  focal_length_35: 22.0
  crop: 1.4666666666666666
  aperture: 7.1
  lens: smc PENTAX-DA 15mm F4 ED AL Limited
  camera: PENTAX K-5
  width: 2048
  height: 1358
  exposure: 0.0025
  exposure_string: 1/400 s
  time: 2015-07-18 13:58:17+02:00
