---
- image_filename: header.jpg
  post_slug: 2015-05-30-pierwsza-wizyta-w-wielkopolskim-parku-narodowym
  lat: 52.30882861111111
  lon: 16.840389444444444
  altitude: 93.9
  focal_length: 50.0
  focal_length_35: 75.0
  crop: 1.5
  aperture: 4.0
  lens: smc PENTAX-FA Macro 50mm F2.8
  camera: PENTAX K-5
  width: 2048
  height: 1358
  exposure: 0.005
  exposure_string: 1/200 s
  time: 2015-05-30 16:31:43+02:00
