---
- image_filename: header.jpg
  post_slug: 2016-10-04-o-aborcji
  lat: 50.985863611111114
  lon: 15.802338611111113
  altitude: 665.4
  focal_length: 15.0
  focal_length_35: 22.0
  crop: 1.4666666666666666
  aperture: 7.1
  lens: smc PENTAX-DA 15mm F4 ED AL Limited
  camera: PENTAX K-5
  width: 2000
  height: 1326
  exposure: 0.01
  exposure_string: 1/100 s
  time: 2015-10-17 13:07:43+02:00
