---
- image_filename: header.jpg
  post_slug: 2016-07-21-grania-tatr-zachodnich-na-wolowiec
  lat: 49.20723805555556
  lon: 19.76433972222222
  altitude: 2041.5
  focal_length: 70.0
  focal_length_35: 105.0
  crop: 1.5
  aperture: 9.0
  camera: PENTAX K-S2
  width: 2000
  height: 1333
  exposure: 0.008
  exposure_string: 1/125 s
  time: 2016-07-21 13:13:24+02:00
