---
- image_filename: IMGP9223raw1.jpg
  post_slug: 2016-04-15-wyjazd-z-poznania-w-kierunku-poludniowo-wschodnim
  lat: 52.33802027777778
  lon: 17.080791944444446
  altitude: 82.8
  focal_length: 15.0
  focal_length_35: 22.0
  crop: 1.4666666666666666
  aperture: 8.0
  lens: smc PENTAX-DA 15mm F4 ED AL Limited
  camera: PENTAX K-5
  exposure: 0.002
  exposure_string: 1/500 s
  time: 2016-04-15 12:44:13+02:00
- image_filename: header.jpg
  post_slug: 2016-04-15-wyjazd-z-poznania-w-kierunku-poludniowo-wschodnim
  lat: 52.33853361111111
  lon: 17.0811875
  altitude: 81.4
  focal_length: 15.0
  focal_length_35: 22.0
  crop: 1.4666666666666666
  aperture: 8.0
  lens: smc PENTAX-DA 15mm F4 ED AL Limited
  camera: PENTAX K-5
  width: 2000
  height: 1326
  exposure: 0.002
  exposure_string: 1/500 s
  time: 2016-04-15 12:43:59+02:00
