---
- image_filename: header.jpg
  post_slug: 2016-05-03-powrot-z-majowki-rowerowej-z-okolic-klodzka
  lat: 50.553155555555556
  lon: 16.929470000000002
  altitude: 288.5
  focal_length: 70.0
  focal_length_35: 105.0
  crop: 1.5
  aperture: 6.3
  iso: 400
  lens: smc PENTAX-DA 70mm F2.4 Limited
  camera: PENTAX K-5
  exposure: 0.00125
  exposure_string: 1/800 s
  time: 2016-04-29 15:14:48+02:00
