---
- image_filename: header.jpg
  post_slug: 2016-05-27-petla-do-klimkowki
  lat: 49.5285
  lon: 21.127788055555556
  altitude: 394.3
  focal_length: 15.0
  focal_length_35: 22.0
  crop: 1.4666666666666666
  aperture: 8.0
  lens: smc PENTAX-DA 15mm F4 ED AL Limited
  camera: PENTAX K-5
  width: 2000
  height: 1326
  exposure: 0.003125
  exposure_string: 1/320 s
  time: 2016-05-27 13:48:22+02:00
