---
- image_filename: header.jpg
  post_slug: 2016-02-22-narty-w-zielencu
  lat: 50.33764555555556
  lon: 16.385312777777777
  altitude: 865.3
  focal_length: 50.0
  focal_length_35: 75.0
  crop: 1.5
  aperture: 5.6
  lens: smc PENTAX-FA Macro 50mm F2.8
  camera: PENTAX K-5
  width: 2000
  height: 1326
  exposure: 0.008
  exposure_string: 1/125 s
  time: 2016-02-19 16:26:13+01:00
