---
- image_filename: IMGP1404raw1.jpg
  post_slug: 2016-06-11-wokol-jezior-wolsztyna
  lat: 52.12034611111111
  lon: 16.115759166666667
  altitude: 63.6
  focal_length: 15.0
  focal_length_35: 22.0
  crop: 1.4666666666666666
  aperture: 7.1
  lens: smc PENTAX-DA 15mm F4 ED AL Limited
  camera: PENTAX K-5
  exposure: 0.00625
  exposure_string: 1/160 s
  time: 2016-06-11 14:22:14+02:00
- image_filename: IMGP1407raw1.jpg
  post_slug: 2016-06-11-wokol-jezior-wolsztyna
  lat: 52.13310416666667
  lon: 16.120153333333334
  altitude: 63.1
  focal_length: 15.0
  focal_length_35: 22.0
  crop: 1.4666666666666666
  aperture: 9.0
  lens: smc PENTAX-DA 15mm F4 ED AL Limited
  camera: PENTAX K-5
  exposure: 0.008
  exposure_string: 1/125 s
  time: 2016-06-11 14:35:58+02:00
- image_filename: IMGP1413raw1.jpg
  post_slug: 2016-06-11-wokol-jezior-wolsztyna
  lat: 52.14378305555555
  lon: 16.052326666666666
  altitude: 66.9
  focal_length: 15.0
  focal_length_35: 22.0
  crop: 1.4666666666666666
  aperture: 11.0
  lens: smc PENTAX-DA 15mm F4 ED AL Limited
  camera: PENTAX K-5
  exposure: 0.008
  exposure_string: 1/125 s
  time: 2016-06-11 15:30:10+02:00
- image_filename: header.jpg
  post_slug: 2016-06-11-wokol-jezior-wolsztyna
  lat: 52.1054325
  lon: 16.09000861111111
  altitude: 64.1
  focal_length: 15.0
  focal_length_35: 22.0
  crop: 1.4666666666666666
  aperture: 11.0
  lens: smc PENTAX-DA 15mm F4 ED AL Limited
  camera: PENTAX K-5
  width: 2000
  height: 1326
  exposure: 0.00625
  exposure_string: 1/160 s
  time: 2016-06-11 16:04:51+02:00
