---
- image_filename: header.jpg
  post_slug: 2016-04-17-wloczac-sie-wokol-skokow
  lat: 52.66514361111111
  lon: 17.138046944444444
  altitude: 50.6
  focal_length: 50.0
  focal_length_35: 75.0
  crop: 1.5
  aperture: 7.1
  lens: smc PENTAX-FA Macro 50mm F2.8
  camera: PENTAX K-5
  width: 2000
  height: 1326
  exposure: 0.03333333333333333
  exposure_string: 1/30 s
  time: 2016-04-17 13:46:59+02:00
