---
- image_filename: header.jpg
  post_slug: 2016-05-28-z-krempnej-do-jaslisk-dwoma-trasami
  lat: 49.46422444444445
  lon: 21.675768333333334
  altitude: 422.6
  focal_length: 15.0
  focal_length_35: 22.0
  crop: 1.4666666666666666
  aperture: 11.0
  lens: smc PENTAX-DA 15mm F4 ED AL Limited
  camera: PENTAX K-5
  width: 2000
  height: 1333
  exposure: 0.01
  exposure_string: 1/100 s
  time: 2016-05-28 13:08:55+02:00
