---
- image_filename: header.jpg
  post_slug: 2016-09-03-zachodnie-okolice-dobiegniewa
  lat: 52.979526944444444
  lon: 15.701060555555555
  altitude: 54.5
  focal_length: 15.0
  focal_length_35: 22.0
  crop: 1.4666666666666666
  aperture: 8.0
  camera: PENTAX K-S2
  width: 2000
  height: 1334
  exposure: 0.008
  exposure_string: 1/125 s
  time: 2016-09-03 16:37:11+02:00
