---
- image_filename: header.jpg
  post_slug: 2016-09-16-zdjecia-o-wschodzie-i-zachodzie-slonca-nad-baltykiem
  focal_length: 15.0
  focal_length_35: 22.0
  crop: 1.4666666666666666
  aperture: 11.0
  camera: PENTAX K-S2
  width: 2000
  height: 1334
  exposure: 0.3333333333333333
  exposure_string: 1/3 s
  time: 2016-09-17 06:39:59+02:00
