---
- image_filename: header.jpg
  post_slug: 2016-05-26-beskid-niski-rowerem-po-raz-pierwszy
  lat: 49.44334472222222
  lon: 21.506914444444444
  altitude: 571.2
  focal_length: 15.0
  focal_length_35: 22.0
  crop: 1.4666666666666666
  aperture: 9.0
  lens: smc PENTAX-DA 15mm F4 ED AL Limited
  camera: PENTAX K-5
  width: 2000
  height: 1326
  exposure: 0.001
  exposure_string: 1/1000 s
  time: 2016-05-26 16:58:51+02:00
