---
- image_filename: header.jpg
  post_slug: 2016-01-16-wschod-slonca-na-sniezniku
  lat: 50.2014525
  lon: 16.831380555555555
  altitude: 1220.1
  focal_length: 15.0
  focal_length_35: 22.0
  crop: 1.4666666666666666
  aperture: 9.0
  lens: smc PENTAX-DA 15mm F4 ED AL Limited
  camera: PENTAX K-5
  width: 2048
  height: 1358
  exposure: 0.5
  exposure_string: 1/2 s
  time: 2016-01-16 08:03:31+01:00
