---
- image_filename: header.jpg
  post_slug: 2016-09-01-wieczor-nad-strzeszynem
  lat: 52.46225555555556
  lon: 16.82610638888889
  altitude: 76.1
  focal_length: 40.0
  focal_length_35: 60.0
  crop: 1.5
  aperture: 18.0
  camera: PENTAX K-S2
  width: 2000
  height: 1334
  exposure: 0.0125
  exposure_string: 1/80 s
  time: 2016-09-01 19:09:47+02:00
