---
- image_filename: header.jpg
  post_slug: 2016-04-04-na-wschod-od-sierakowskiego-parku-krajobrazowego
  lat: 52.70986333333334
  lon: 16.260377777777776
  altitude: 49.7
  focal_length: 70.0
  focal_length_35: 105.0
  crop: 1.5
  aperture: 6.3
  lens: smc PENTAX-DA 70mm F2.4 Limited
  camera: PENTAX K-5
  width: 2000
  height: 1326
  exposure: 0.002
  exposure_string: 1/500 s
  time: 2016-04-04 13:20:12+02:00
