---
- image_filename: header.jpg
  post_slug: 2016-01-17-spacer-po-okolicy-miedzylesia
  lat: 50.15726138888889
  lon: 16.68246138888889
  altitude: 440.4
  focal_length: 15.0
  focal_length_35: 22.0
  crop: 1.4666666666666666
  aperture: 7.1
  lens: smc PENTAX-DA 15mm F4 ED AL Limited
  camera: PENTAX K-5
  width: 2048
  height: 1358
  exposure: 0.004
  exposure_string: 1/250 s
  time: 2016-01-17 13:03:48+01:00
