---
- image_filename: header.jpg
  post_slug: 2016-08-17-o-zasadniczej-sluzbie-wojskowej
  lat: 50.988281944444445
  lon: 15.795197222222223
  altitude: 642.3
  focal_length: 50.0
  focal_length_35: 75.0
  crop: 1.5
  aperture: 3.5
  lens: smc PENTAX-FA Macro 50mm F2.8
  camera: PENTAX K-5
  width: 2000
  height: 1326
  exposure: 0.02
  exposure_string: 1/50 s
  time: 2015-10-17 12:53:36+02:00
