---
- image_filename: header.jpg
  post_slug: 2017-11-04-poludniowo-zachodnia-sypialnia-poznania
  lat: 52.420027777777776
  lon: 16.718069444444442
  altitude: 95.0
  focal_length: 15.0
  focal_length_35: 22.0
  crop: 1.4666666666666666
  aperture: 8.0
  iso: 100
  camera: PENTAX K-S2
  exposure: 0.01
  exposure_string: 1/100 s
  time: 2017-11-04 14:28:50+01:00
