---
- image_filename: header.jpg
  post_slug: 2017-08-06-wzdluz-jeziora-pakoskiego
  lat: 52.78593055555555
  lon: 18.077791666666666
  altitude: 97.0
  focal_length: 15.0
  focal_length_35: 22.0
  crop: 1.4666666666666666
  aperture: 8.0
  iso: 100
  camera: PENTAX K-S2
  exposure: 0.005
  exposure_string: 1/200 s
  time: 2017-08-06 13:31:23+02:00
- image_filename: IMGP0096raw1.jpg
  post_slug: 2017-08-06-wzdluz-jeziora-pakoskiego
  lat: 52.75304166666667
  lon: 18.08545833333333
  altitude: 91.0
  focal_length: 15.0
  focal_length_35: 22.0
  crop: 1.4666666666666666
  aperture: 8.0
  iso: 100
  camera: PENTAX K-S2
  exposure: 0.005
  exposure_string: 1/200 s
  time: 2017-08-06 13:18:26+02:00
