---
- image_filename: header.jpg
  post_slug: 2018-01-04-podsumowanie-roku-2017
  lat: 49.565527777777774
  lon: 21.46275
  altitude: 458.0
  focal_length: 15.0
  focal_length_35: 22.0
  crop: 1.4666666666666666
  aperture: 8.0
  camera: PENTAX K-S2
  exposure: 0.004
  exposure_string: 1/250 s
  time: 2017-07-27 10:45:08+02:00
