---
- image_filename: header.jpg
  post_slug: 2020-07-27-pociagiem-do-lidzbarku
- image_filename: 2020_07_27__15_46__7276718.jpg
  post_slug: 2020-07-27-pociagiem-do-lidzbarku
  lat: 53.24890277777778
  lon: 20.104694444444444
  altitude: 178.0
  focal_length: 100.0
  focal_length_35: 200.0
  crop: 2.0
  aperture: 4.0
  iso: 320
  lens: OLYMPUS M.12-100mm F4.0
  camera: E-M1MarkII
  width: 5143
  height: 3563
  exposure: 0.002
  exposure_string: 1/500 s
  time: 2020-07-27 15:46:34+02:00
  focus_distance: 85.33
