---
- image_filename: 2021_09_09__14_49__9090335.jpg
  post_slug: 2021-09-09-z-pobiedzisk-do-wagrowca
  lat: 52.57977777777778
  lon: 17.356958333333335
  altitude: 110.0
  focal_length: 41.0
  focal_length_35: 82.0
  crop: 2.0
  aperture: 6.3
  exposure: 0.005
  exposure_string: 1/200 s
  focus_distance: 24.75
  iso: 200
  width: 5179
  height: 3829
  lens: OLYMPUS M.12-100mm F4.0
  camera: E-M1MarkII
  time: 2021-09-09 14:49:05.000000000+02:00
