---
- image_filename: header.jpg
  post_slug: 2022-04-09-rezerwat-przelom-witkowki
- image_filename: 2022_04_09__12_59_P4096810.jpg
  post_slug: 2022-04-09-rezerwat-przelom-witkowki
  lat: 52.18618055555555
  lon: 21.855722222222223
  altitude: 134.0
  focal_length: 13.0
  focal_length_35: 26.0
  crop: 2.0
  aperture: 5.6
  exposure: 0.008
  exposure_string: 1/125 s
  focus_distance: 1.63
  iso: 200
  width: 8199
  height: 6131
  lens: OLYMPUS M.12-100mm F4.0
  camera: E-M1MarkIII
  time: 2022-04-09 12:59:15.000000000+02:00
